"(Intercept)"	"Genus"	"HareIndex"	"iem.summ.rain.10"	"iem.summ.temp"	"MooseDensity"	"Genus:HareIndex"	"Genus:iem.summ.rain.10"	"Genus:iem.summ.temp"	"Genus:MooseDensity"	"HareIndex:iem.summ.temp"	"iem.summ.temp:MooseDensity"	"df"	"logLik"	"AICc"	"delta"	"weight"
"1088"	-0.58353171554989	"+"	-0.0240686570057606	0.00492225305716026	0.11070972256464	-0.395190633249003	"+"	NA	NA	NA	NA	-0.110907324688538	11	-4661.01032897896	9344.07909089286	0	0.064027590729524
"1600"	-0.446784381477556	"+"	-0.125493978006219	0.00477533760299007	0.0993563262866657	-0.425879083380333	"+"	NA	NA	NA	0.00878293489462681	-0.109062563637979	12	-4660.19361602062	9344.45630443442	0.377213541563833	0.0530220213712382
"1216"	-0.445127559439563	"+"	-0.0241718372891891	0.00499072043070448	0.0985789832187251	-0.473191329131371	"+"	NA	"+"	NA	NA	-0.103045084321374	12	-4660.19479669561	9344.4586657844	0.379574891543598	0.0529594565383269
"1728"	-0.302762702577365	"+"	-0.127653516874276	0.00484227031978704	0.0867460478222591	-0.506093441447221	"+"	NA	"+"	NA	0.00896081575523885	-0.101002537836901	13	-4659.34436231572	9344.76932693436	0.690236041500611	0.0453402915271474
"1344"	-0.554051057901013	"+"	-0.0244992607709834	0.00491540239472839	0.109804122730803	-0.494113835868166	"+"	NA	NA	"+"	NA	-0.108257248691884	12	-4660.51310441472	9345.09528122262	1.01619032976305	0.0385215925960172
"1152"	-0.582854800153782	"+"	-0.0241396857240577	0.00571437285694974	0.109228636188385	-0.41815566740344	"+"	"+"	NA	NA	NA	-0.108448967758411	12	-4660.67975030764	9345.42857300845	1.34948211559822	0.032608501540003
"1856"	-0.415920904716051	"+"	-0.126689252022661	0.00476727806009626	0.0983545290175485	-0.526218387199337	"+"	NA	NA	"+"	0.00884869617358451	-0.106367218286315	13	-4659.68419700689	9345.44899631671	1.36990542385684	0.0322772092008599
"1664"	-0.445535710006702	"+"	-0.125983842438178	0.00557491281543912	0.0978132374108509	-0.449207046193427	"+"	"+"	NA	NA	0.00881913231835154	-0.106571281596149	13	-4659.85613774558	9345.79287779407	1.71378690121855	0.0271783484921875
"1472"	-0.435796534721314	"+"	-0.0245099937220685	0.00497792404874064	0.0991205591374275	-0.545125238145435	"+"	NA	"+"	"+"	NA	-0.101724324713208	13	-4659.8775099158	9345.83562213453	1.75653124167366	0.0266036513395816
"1056"	-0.576667110253738	"+"	-0.0444230694894903	0.00508739976505454	0.112297142244095	-0.391635342010173	NA	NA	NA	NA	NA	-0.111787770577297	10	-4662.96195224133	9345.97258781969	1.89349692683027	0.0248427418695174
"704"	0.0239223983533917	"+"	-0.132460033090421	0.00478617693535066	0.0553794542930085	-1.54199157936699	"+"	NA	"+"	NA	0.00930544236005803	NA	12	-4660.96656992922	9346.00221225162	1.92312135876273	0.0244774776760873
"64"	-0.250081918618995	"+"	-0.0249709472368738	0.00485424223020065	0.0784163873851832	-1.53264615958635	"+"	NA	NA	NA	NA	NA	10	-4662.98924886108	9346.02718105917	1.94809016631916	0.0241737905818476
"1984"	-0.292786384616	"+"	-0.12839596333506	0.00482874364345816	0.08724721011964	-0.57887050229522	"+"	NA	"+"	"+"	0.00899552667711843	-0.0996610115453593	14	-4659.02058233572	9346.13418792725	2.05509703439748	0.0229144010200296
"1184"	-0.433092024163289	"+"	-0.0441806075787081	0.00515558938422042	0.0996756021634726	-0.472701655186822	NA	NA	"+"	NA	NA	-0.103608127373044	11	-4662.08260550771	9346.22364395034	2.14455305748561	0.0219120686921631
"576"	-0.113678923559817	"+"	-0.130390083051499	0.00470267028234981	0.0671710980734052	-1.54487098177302	"+"	NA	NA	NA	0.00913014334463694	NA	11	-4662.10680562521	9346.27204418535	2.19295329249871	0.0213881589620567
"1568"	-0.440206100375003	"+"	-0.145653162787826	0.00494093879022806	0.100969370000572	-0.422248086034331	NA	NA	NA	NA	0.00876452445402886	-0.109948473197557	11	-4662.14953811381	9346.35750916254	2.27841826968506	0.0204934425787592
"1280"	-0.45902828490802	"+"	-0.0241866781314005	0.0052565307744559	0.0993076431202868	-0.473124615989267	"+"	"+"	"+"	NA	NA	-0.103002388609565	13	-4660.16406930881	9346.40874092054	2.32965002768833	0.0199751516130796
"1408"	-0.554639595077965	"+"	-0.0245480038106448	0.00565749395950896	0.108454997720493	-0.511527041428493	"+"	"+"	NA	"+"	NA	-0.106065412815945	13	-4660.22402480466	9346.52865191224	2.44956101938806	0.0188127265679441
"1696"	-0.290902188005892	"+"	-0.14754365209239	0.00500742116501328	0.0878583410037498	-0.505555154064868	NA	NA	"+"	NA	0.00894961166466461	-0.101569181769482	12	-4661.23517346939	9346.53941933195	2.46032843909779	0.0187117164550692
"1792"	-0.316512315631996	"+"	-0.127604317710793	0.00510347918841795	0.0874696872815109	-0.506005610204914	"+"	"+"	"+"	NA	0.00895528916260549	-0.100962037131066	14	-4659.31470075011	9346.72242475603	2.64333386317594	0.0170755422861005
"320"	-0.226598934958885	"+"	-0.0254183653263199	0.00484862317510794	0.0782726174973723	-1.61107362408545	"+"	NA	NA	"+"	NA	NA	11	-4662.394505526	9346.84744398692	2.76835309406306	0.0160408332377185
"1920"	-0.41602882659957	"+"	-0.127098098463251	0.00551634358250712	0.0969513966453546	-0.543921692798296	"+"	"+"	NA	"+"	0.00887982743833105	-0.104146342988913	14	-4659.38912733575	9346.87127792731	2.79218703445076	0.0158508096079383
"1312"	-0.546184575443736	"+"	-0.0446778634993475	0.00507872767297524	0.111343166193565	-0.494143684026278	NA	NA	NA	"+"	NA	-0.109032883907045	11	-4662.42882823244	9346.91608939981	2.8369985069512	0.015499609687147
"832"	-0.0890257462744065	"+"	-0.131561945537011	0.00469592992167691	0.0669486188322801	-1.62415801226789	"+"	NA	NA	"+"	0.00919249497368126	NA	12	-4661.50002066812	9347.06911372941	2.99002283655864	0.0143579339415174
"448"	-0.111745679524809	"+"	-0.0253658728369446	0.00492637379953522	0.0680328635510493	-1.59193985818772	"+"	NA	"+"	"+"	NA	NA	12	-4661.52209742916	9347.11326725151	3.0341763586548	0.0140444305672118
"128"	-0.257649560562505	"+"	-0.0250285102519166	0.00575037337670455	0.0775511232637648	-1.53010918301162	"+"	"+"	NA	NA	NA	NA	11	-4662.56680148277	9347.19203590047	3.11294500761869	0.0135020508915688
"1824"	-0.408300655475865	"+"	-0.146700180235	0.00493099639877476	0.099915671657478	-0.526183707860966	NA	NA	NA	"+"	0.00883285521890898	-0.107147632088506	12	-4661.60376990193	9347.27661219704	3.19752130418783	0.0129429785412375
"960"	0.0298975828424658	"+"	-0.133183726295655	0.00477258736564211	0.0563609014426004	-1.60491898540461	"+"	NA	"+"	"+"	0.00933756131134574	NA	13	-4660.59860657379	9347.27781545051	3.19872455765653	0.0129351940412414
"640"	-0.120826238443583	"+"	-0.130816174685721	0.00560482894293625	0.066260269786185	-1.5423579397694	"+"	"+"	NA	NA	0.00916201334929951	NA	12	-4661.67796163985	9347.42499567288	3.34590478002792	0.0120174733789767
"1120"	-0.575958791815233	"+"	-0.0447662907389193	0.00581018776616247	0.110971835900993	-0.412480257304462	NA	"+"	NA	NA	NA	-0.109563227900471	11	-4662.68835114777	9347.43513523047	3.35604433761182	0.0119567016271427
"1440"	-0.423497556887516	"+"	-0.0444123064672715	0.00514136353783202	0.10022824540922	-0.547129504202367	NA	NA	"+"	"+"	NA	-0.102237087702044	12	-4661.74328874496	9347.55564988309	3.47655899023812	0.0112575003072927
"160"	-0.103315945043535	"+"	-0.0451251801556583	0.0051047684456219	0.0679498026000897	-1.53488023645953	NA	NA	"+"	NA	NA	NA	10	-4663.78843836675	9347.62556007053	3.54646917767241	0.010870791426117
"256"	-0.131559144325563	"+"	-0.0250310383058533	0.00521129906478307	0.0677794629974053	-1.52906400620853	"+"	"+"	"+"	NA	NA	NA	12	-4661.85167809894	9347.77242859106	3.69333769820514	0.0101011092697721
"1536"	-0.450798697104515	"+"	-0.0245290186566419	0.00526658778024562	0.0999157116825795	-0.545707000444221	"+"	"+"	"+"	"+"	NA	-0.101665346122999	14	-4659.84125994164	9347.7755431391	3.69645224624401	0.0100853913164954
"672"	0.0376559399750488	"+"	-0.152469705270129	0.00495188364494674	0.0563218761423407	-1.5472844601132	NA	NA	"+"	NA	0.00929601917505872	NA	11	-4662.87399493061	9347.80642279615	3.72733190329745	0.00993087056058093
"1632"	-0.43897847500152	"+"	-0.146378771106297	0.00567119532412061	0.0995868674970154	-0.443441234284259	NA	"+"	NA	NA	0.00879730228724898	-0.10769209555717	12	-4661.86972094527	9347.80851428372	3.72942339086148	0.00992049084265087
"1952"	-0.280642320044526	"+"	-0.148193426257085	0.00499243315104745	0.0883688062942187	-0.580832168557266	NA	NA	"+"	"+"	0.0089856127446015	-0.100177025319219	13	-4660.88913002881	9347.85886236055	3.77977146769626	0.00967386927960804
"768"	0.00972058234543238	"+"	-0.132407697828653	0.00505324775431253	0.0561330743410736	-1.54147942295815	"+"	"+"	"+"	NA	0.00929963011943547	NA	13	-4660.93558943885	9347.95178118063	3.87269028777155	0.00923470760672733
"32"	-0.240512958351392	"+"	-0.0454952896927437	0.0050202896098871	0.0797592538043853	-1.53815850308655	NA	NA	NA	NA	NA	NA	9	-4664.97038557763	9347.98059416411	3.90150327125411	0.00910262160033464
"2048"	-0.307653843143184	"+"	-0.128348994744268	0.00511303632042628	0.0880381608790203	-0.579420249061238	"+"	"+"	"+"	"+"	0.00898983344206317	-0.0996044341724316	15	-4658.98543361193	9348.07720306791	3.99811217505157	0.00867337517070881
"384"	-0.234731851545109	"+"	-0.0254522912445454	0.00568762773834287	0.0774693886908379	-1.60520195226047	"+"	"+"	NA	"+"	NA	NA	12	-4662.02558658358	9348.12024556034	4.04115466748044	0.00848870759390399
"1248"	-0.440971474652845	"+"	-0.0442686120777756	0.00530795698993287	0.100095285722291	-0.472664282836866	NA	"+"	"+"	NA	NA	-0.103585695122538	12	-4662.0725740487	9348.21422049058	4.13512959772925	0.00809907045737784
"544"	-0.104341815898007	"+"	-0.150746818729008	0.00486910600575971	0.0685346639824146	-1.55036658401405	NA	NA	NA	NA	0.009114291351907	NA	10	-4664.09196862145	9348.23262057991	4.15352968705702	0.00802490035471343
"896"	-0.0968140683781121	"+"	-0.131907819207802	0.00554049564730666	0.0661064385297472	-1.61828143455278	"+"	"+"	NA	"+"	0.00921948058088752	NA	13	-4661.12562939103	9348.33186108498	4.25277019212444	0.00763642070695728
"1376"	-0.546613672590583	"+"	-0.0449874962443476	0.00574993030584202	0.110147335873023	-0.509845829822243	NA	"+"	NA	"+"	NA	-0.107066732603672	12	-4662.1937657356	9348.45660386439	4.37751297153591	0.00717467604311796
"1760"	-0.298589305806913	"+"	-0.147592533298996	0.00515508284907204	0.0882693854557331	-0.505506246466688	NA	"+"	"+"	NA	0.00894646100040796	-0.101548270619183	13	-4661.22575569183	9348.53211368659	4.45302279373209	0.00690884654754021
"288"	-0.216333017961592	"+"	-0.0457445048718	0.00501273068381014	0.0795961034421313	-1.6191598771948	NA	NA	NA	"+"	NA	NA	10	-4664.33535772461	9348.71939878624	4.64030789337994	0.0062912523265736
"1888"	-0.408297752539722	"+"	-0.14733606411123	0.00560918891009223	0.0986703007624647	-0.542162868630502	NA	"+"	NA	"+"	0.00886080400742952	-0.105153438094753	13	-4661.36335653309	9348.8073153691	4.72822447624276	0.0060206899204979
"416"	-0.0977764760601778	"+"	-0.045359016488429	0.00509035914118127	0.0689897126773387	-1.59925111262875	NA	NA	"+"	"+"	NA	NA	11	-4663.40284357557	9348.86412008606	4.78502919320454	0.00585209372550013
"800"	-0.0789572868375145	"+"	-0.151745245357198	0.00486037014448383	0.0682897999564758	-1.63223161627338	NA	NA	NA	"+"	0.00917895837819705	NA	11	-4663.44447295366	9348.94737884226	4.86828794940084	0.00561347591809311
"928"	0.0437470331619656	"+"	-0.153089568967638	0.00493677909106856	0.0573284880877643	-1.61222288386847	NA	NA	"+"	"+"	0.0093292805180098	NA	12	-4662.48194794255	9349.03296827828	4.95387738542195	0.0053783164779996
"512"	-0.127351792222834	"+"	-0.0253850893252418	0.0052227809385061	0.0688687012308215	-1.59191848796398	"+"	"+"	"+"	"+"	NA	NA	13	-4661.48391084802	9349.04842399897	4.96933310611712	0.00533691378252343
"1024"	0.0144467575301747	"+"	-0.133132711376637	0.00506427256233102	0.0571912761530565	-1.60488971007799	"+"	"+"	"+"	"+"	0.00933150150521492	NA	14	-4660.56163927807	9349.21630181196	5.13721091909974	0.00490722513318049
"96"	-0.2473341271324	"+"	-0.0458629768606557	0.00584762119892562	0.0789838117797662	-1.53590801894986	NA	"+"	NA	NA	NA	NA	10	-4664.61244184834	9349.27356703369	5.19447614083765	0.00476871093999588
"608"	-0.110781057379966	"+"	-0.151454571579206	0.00570247874263704	0.067717159374819	-1.54813727790845	NA	"+"	NA	NA	0.00914348878897014	NA	11	-4663.72819325616	9349.51481944724	5.43572855438833	0.00422681949755673
"1504"	-0.43257477128223	"+"	-0.0445155953345142	0.00531801740991825	0.10071720382074	-0.547495797428755	NA	"+"	"+"	"+"	NA	-0.102203156948525	13	-4661.72979945371	9349.54020121035	5.46111031749388	0.00417351637915728
"224"	-0.111572386268581	"+"	-0.0452163487316351	0.00526288054377312	0.0683929573112994	-1.53460423575713	NA	"+"	"+"	NA	NA	NA	11	-4663.77764591374	9349.6137247624	5.53463386954536	0.00402287636653687
"736"	0.0296107275310133	"+"	-0.152519248886665	0.00510496407419042	0.0567552597196965	-1.5470127573611	NA	"+"	"+"	NA	0.00929266724935585	NA	12	-4662.86388223312	9349.79683685943	5.71774596657633	0.00367091559662796
"2016"	-0.289546469228673	"+"	-0.148253962079904	0.00516462108516038	0.0888501801699097	-0.581175043613681	NA	"+"	"+"	"+"	0.00898213867408283	-0.100144870936364	14	-4660.87631849041	9349.84566023664	5.76656934378843	0.00358238730705192
"352"	-0.223610434705279	"+"	-0.046076363595813	0.00578127713346753	0.0788825942759531	-1.61391781738468	NA	"+"	NA	"+"	NA	NA	11	-4664.0276516761	9350.11373628712	6.03464539426932	0.00313300121091928
"864"	-0.0859252050068687	"+"	-0.152362987637929	0.00563449282358802	0.0675405517031751	-1.62698249491263	NA	"+"	NA	"+"	0.00920349108181281	NA	12	-4663.13181634582	9350.33270508482	6.2536141919627	0.0028080969154806
"1596"	-0.0645779254480496	"+"	-0.140431869227447	NA	0.0746046798967716	-0.45562302970786	"+"	NA	NA	NA	0.0101433032410077	-0.105459312414527	11	-4664.31860563747	9350.69564420986	6.61655331700604	0.002342075347874
"1055"	-0.660771455320934	NA	-0.0436467000957483	0.00503412085404961	0.112009175357213	-0.394616730823988	NA	NA	NA	NA	NA	-0.11087044616597	9	-4666.34946692102	9350.7387568509	6.65966595804457	0.00229212908388248
"480"	-0.107350117699024	"+"	-0.0454663457399401	0.00527437175609483	0.0695103868988639	-1.59927171370362	NA	"+"	"+"	"+"	NA	NA	12	-4663.38822028431	9350.8455129618	6.7664220689403	0.00217298774402102
"1084"	-0.209602324013328	"+"	-0.0232692437705949	NA	0.0868948732778472	-0.421087267286307	"+"	NA	NA	NA	NA	-0.107471503902175	10	-4665.41154649858	9350.87177633419	6.79268544133083	0.00214463928973221
"992"	0.0343661750786087	"+"	-0.15315085849389	0.00511597850798404	0.0578403862341602	-1.6122378384745	NA	"+"	"+"	"+"	0.00932553829598689	NA	13	-4662.46808429519	9351.01677089331	6.93768000045748	0.00199466096866324
"1567"	-0.524411273777069	NA	-0.144848958846111	0.00488772511536895	0.100685165772525	-0.425225967700016	NA	NA	NA	NA	0.00876206171705133	-0.10903230724951	10	-4665.53774961403	9351.12418256507	7.0450916722184	0.00189036183814237
"1724"	0.0741303490965942	"+"	-0.142634274527056	NA	0.0625725159603192	-0.530465244372451	"+"	NA	"+"	NA	0.0103263771601148	-0.0979289279503419	12	-4663.58555331118	9351.24017901554	7.16108812268794	0.00178384301509933
"1212"	-0.0773016532292787	"+"	-0.0233545118292898	NA	0.0754133636911433	-0.493252165416812	"+"	NA	"+"	NA	NA	-0.100184738662904	11	-4664.71850629437	9351.49544552367	7.41635463081184	0.00157009602546033
"1852"	-0.0340053056858258	"+"	-0.141622428938467	NA	0.0736373254268128	-0.557296718899457	"+"	NA	NA	"+"	0.010208027931891	-0.102735135201249	12	-4663.79549221579	9351.66005682477	7.58096593191294	0.00144604338920595
"1340"	-0.180350148931527	"+"	-0.0237062445762735	NA	0.0860180261626915	-0.521209402463022	"+"	NA	NA	"+"	NA	-0.104795379056754	11	-4664.90233102707	9351.86309498907	7.78400409621827	0.0013064480565807
"572"	0.252270388729982	"+"	-0.144938869441766	NA	0.0438133168205449	-1.5377371283861	"+"	NA	NA	NA	0.0104585552333228	NA	10	-4666.10463632673	9352.25795599048	8.1788650976232	0.00107238114674969
"700"	0.386892262700196	"+"	-0.147119151370376	NA	0.0324091983496401	-1.53490903506937	"+"	NA	"+"	NA	0.0106447376476222	NA	11	-4665.10782745514	9352.2740878452	8.19499695234845	0.00106376618883414
"1980"	0.0833580223717937	"+"	-0.143364625891474	NA	0.0631651972250362	-0.605893342389153	"+"	NA	"+"	"+"	0.0103587533021526	-0.0965469505611758	13	-4663.23752346009	9352.5556492231	8.47655833024692	0.000924072202172374
"60"	0.10888606294525	"+"	-0.0241519412776122	NA	0.0558871298081546	-1.5234161521419	"+"	NA	NA	NA	NA	NA	9	-4667.26639229407	9352.57260759699	8.49351670413853	0.000916269946357814
"188"	0.238103339118552	"+"	-0.0241812476481301	NA	0.0449395295306961	-1.52039703300156	"+"	NA	"+"	NA	NA	NA	10	-4666.31188069122	9352.67244471945	8.59335382659629	0.000871653917294666
"31"	-0.326973393976172	NA	-0.0447143976754922	0.00496783736392041	0.0797318299616314	-1.53171910919471	NA	NA	NA	NA	NA	NA	8	-4668.32381892615	9352.67948921261	8.60039831975882	0.000868589137887347
"1054"	-0.665307475990593	"+"	NA	0.00517042495705671	0.114657603292613	-0.320025992404944	NA	NA	NA	NA	NA	-0.117734995674318	9	-4667.38378740324	9352.80739781533	8.72830692247044	0.00081477818728413
"1468"	-0.0686338766444917	"+"	-0.0237072866781916	NA	0.0760399609825243	-0.567826305312986	"+"	NA	"+"	"+"	NA	-0.0988228988448043	12	-4664.37746467674	9352.82400174666	8.74491085380578	0.000808041927535132
"543"	-0.190956917477382	NA	-0.149902165781314	0.00481676476253737	0.0685146347295658	-1.54393247943438	NA	NA	NA	NA	0.00910872089669887	NA	9	-4667.44673501004	9352.93329302894	8.85420213608268	0.000765070744904507
"1182"	-0.517421432859418	"+"	NA	0.00523990054880447	0.101687850063352	-0.403629169044553	NA	NA	"+"	NA	NA	-0.109306105423931	10	-4666.4591189066	9352.96692115022	8.88783025736484	0.00075231434299419
"828"	0.276567329056397	"+"	-0.146105592729741	NA	0.0436282385226521	-1.61781254017552	"+"	NA	NA	"+"	0.0105199936085437	NA	11	-4665.48675801507	9353.03194896507	8.95285807221808	0.000728247045235695
"1564"	-0.043328482543854	"+"	-0.162675388678722	NA	0.0754233867554609	-0.452770705106403	NA	NA	NA	NA	0.0101744640681276	-0.106282787831564	10	-4666.57242258751	9353.19352851204	9.11443761918053	0.00067172603071205
"316"	0.132078874516162	"+"	-0.0246040170669156	NA	0.0557748189119581	-1.60253823148782	"+"	NA	NA	"+"	NA	NA	10	-4666.6621472667	9353.37297787042	9.29388697756076	0.000614080413270932
"1052"	-0.188764529476306	"+"	-0.0451858317467991	NA	0.0877524215834029	-0.418132070781343	NA	NA	NA	NA	NA	-0.10830167270985	9	-4667.67075657007	9353.38133614898	9.30224525612539	0.000611519440751085
"956"	0.391972695628449	"+"	-0.147827142140574	NA	0.0334924508208728	-1.59992201889881	"+"	NA	"+"	"+"	0.0106743102490956	NA	12	-4664.71585999745	9353.50079238808	9.42170149522281	0.000576063920126124
"1692"	0.10073093473579	"+"	-0.164652136118556	NA	0.0628888878241917	-0.53072972703146	NA	NA	"+"	NA	0.0103647617358197	-0.0984316253169092	11	-4665.77819541267	9353.61482376028	9.53573286742176	0.000544138027057002
"1310"	-0.636731248586497	"+"	NA	0.00516258870202012	0.113760705854005	-0.417341694397117	NA	NA	NA	"+"	NA	-0.115141650146353	10	-4666.90027875316	9353.84924084335	9.77014995049103	0.000483956196414908
"1180"	-0.0512129015365747	"+"	-0.0449709963307133	NA	0.075778153801951	-0.493384993326824	NA	NA	"+"	NA	NA	-0.100696186941761	10	-4666.91825757266	9353.88519848234	9.80610758948751	0.000475332985171572
"444"	0.242731607935423	"+"	-0.0245446104893978	NA	0.0460485343991131	-1.58483919595224	"+"	NA	"+"	"+"	NA	NA	11	-4665.92648829717	9353.91140952927	9.83231863641413	0.000469144140188129
"1308"	-0.158564458399524	"+"	-0.0454429529917056	NA	0.0868333806813309	-0.522154351442012	NA	NA	NA	"+"	NA	-0.105513231283054	10	-4667.12188866902	9354.29246067505	10.2133697821992	0.000387759182585254
"1438"	-0.508881349812804	"+"	NA	0.00522701423665038	0.10221394769954	-0.472769755990552	NA	NA	"+"	"+"	NA	-0.108054423955441	11	-4666.16389562439	9354.3862241837	10.3071332908439	0.000369999897706582
"1118"	-0.665283579951662	"+"	NA	0.00580232565844065	0.113515574543857	-0.337752540164568	NA	"+"	NA	NA	NA	-0.115831668141702	10	-4667.1752128172	9354.39910897143	10.3200180785716	0.000367623874492618
"668"	0.415180024947737	"+"	-0.169235297153465	NA	0.0325724547297592	-1.54034404254981	NA	NA	"+"	NA	0.0106848148992255	NA	10	-4667.31436046551	9354.67740426804	10.598313375187	0.000319869367856295
"158"	-0.17095428416427	"+"	NA	0.0051879542653009	0.0682192686189756	-1.52397155904998	NA	NA	"+"	NA	NA	NA	9	-4668.35632533318	9354.7524736752	10.6733827823464	0.000308085697656988
"540"	0.27613237320391	"+"	-0.167352715739736	NA	0.044395522699841	-1.54336362141521	NA	NA	NA	NA	0.0104922779377582	NA	9	-4668.38432198817	9354.8084669852	10.7293760923403	0.000299579950473667
"1948"	0.110151307969957	"+"	-0.165278521887472	NA	0.0635004857919251	-0.608947491793752	NA	NA	"+"	"+"	0.0103981538288652	-0.0969942664877668	12	-4665.40432710007	9354.87772659332	10.7986357004629	0.000289383131412711
"1246"	-0.518489412408409	"+"	NA	0.005260128167398	0.101744102540792	-0.403605607122578	NA	"+"	"+"	NA	NA	-0.1093046719333	11	-4666.45894256071	9354.97631805636	10.8972271634993	0.000275463681644642
"156"	0.265886214261585	"+"	-0.0458795525630175	NA	0.0451506307401371	-1.52578854474908	NA	NA	"+"	NA	NA	NA	9	-4668.52607641956	9355.09197584797	11.0128849551165	0.00025998576955405
"28"	0.132324506470311	"+"	-0.0462128967304777	NA	0.0565093384442159	-1.52900584924618	NA	NA	NA	NA	NA	NA	8	-4669.55215006472	9355.13615148975	11.0570605968969	0.000254306205940439
"1436"	-0.0423655124661058	"+"	-0.0452094643368046	NA	0.0764249694661681	-0.570746685511007	NA	NA	"+"	"+"	NA	-0.0992791863363151	11	-4666.55162472715	9355.16168238923	11.0825914963789	0.000251080505412678
"30"	-0.313025186044708	"+"	NA	0.00510158553547593	0.0804009790127203	-1.52726497968535	NA	NA	NA	NA	NA	NA	8	-4669.61009933431	9355.25205002893	11.1729591360781	0.000239988212259995
"796"	0.301063889938498	"+"	-0.168337970242703	NA	0.0441976766546007	-1.62624529152158	NA	NA	NA	"+"	0.010555666695874	NA	10	-4667.72185862256	9355.49240058214	11.4133096892838	0.000212813145590208
"1374"	-0.637643957139964	"+"	NA	0.00574465209090383	0.112738805020869	-0.430486674412448	NA	"+"	NA	"+"	NA	-0.113474425553751	11	-4666.72396984777	9355.50637263047	11.4272817376113	0.000211331608863901
"284"	0.156127833867882	"+"	-0.0464635640234218	NA	0.0563866099141405	-1.610933047251	NA	NA	NA	"+"	NA	NA	9	-4668.90380055407	9355.84742411698	11.7683332241268	0.000178199331304223
"924"	0.420266227700134	"+"	-0.169827985993768	NA	0.0336921262314916	-1.60760425867235	NA	NA	"+"	"+"	0.0107152233767876	NA	11	-4666.89467458081	9355.84778209655	11.7686912036952	0.000178167438298711
"414"	-0.16608312305107	"+"	NA	0.00517480022013998	0.0691983763162445	-1.58441743335499	NA	NA	"+"	"+"	NA	NA	10	-4668.01635026535	9356.08138386771	12.0022929748593	0.000158526676819064
"286"	-0.290171465396599	"+"	NA	0.00509473166139153	0.0802472209459762	-1.60503007141268	NA	NA	NA	"+"	NA	NA	9	-4669.02506409948	9356.0899512078	12.0108603149474	0.0001578490532365
"1502"	-0.511101421810176	"+"	NA	0.00526930742627719	0.10233213925241	-0.472815494820541	NA	"+"	"+"	"+"	NA	-0.108049621497382	12	-4666.16312442738	9356.39532124794	12.3162303550853	0.000135497636457407
"94"	-0.319642873744761	"+"	NA	0.00584158929507903	0.0797123395503562	-1.52517327222781	NA	"+"	NA	NA	NA	NA	9	-4669.32448490891	9356.68879282667	12.6097019338104	0.000117005203443667
"222"	-0.17218689818429	"+"	NA	0.00521118204611963	0.0682844555447621	-1.52392784581324	NA	"+"	"+"	NA	NA	NA	10	-4668.35609301107	9356.76086935916	12.6817784662999	0.000112863614839607
"1053"	-0.746121252069862	NA	NA	0.00511673296401029	0.114336477617022	-0.324091023389952	NA	NA	NA	NA	NA	-0.116742292229364	8	-4670.6186441422	9357.26913964471	13.1900487518578	8.75355501835112e-05
"350"	-0.297106579704638	"+"	NA	0.00577762063987025	0.0796177114830056	-1.60028205031076	NA	"+"	NA	"+"	NA	NA	10	-4668.78276937228	9357.61422208159	13.5351311887352	7.36632314766647e-05
"1563"	-0.130149215684565	NA	-0.161680673612731	NA	0.0753816293885537	-0.455377649229907	NA	NA	NA	NA	0.0101554276882606	-0.105421019670733	9	-4669.86074977607	9357.76132256099	13.6822316681337	6.84397325028281e-05
"1051"	-0.275181998918762	NA	-0.0444105850251774	NA	0.0876857802525535	-0.420795951893204	NA	NA	NA	NA	NA	-0.107435991254276	8	-4670.95465325538	9357.94115787107	13.8620669782176	6.25543566697548e-05
"478"	-0.168567050655895	"+"	NA	0.00522176476500858	0.0693314099453904	-1.58441409686703	NA	"+"	"+"	"+"	NA	NA	11	-4668.01540017445	9358.08923328384	14.01014239098	5.80902699504941e-05
"539"	0.187090093597534	NA	-0.166323306054199	NA	0.0445991005721755	-1.53711676581072	NA	NA	NA	NA	0.0104705950227914	NA	8	-4671.64230467033	9359.31646070097	15.2373698081137	3.14495435816703e-05
"27"	0.0437228817538722	NA	-0.0454335429998773	NA	0.056685950394999	-1.52277861514426	NA	NA	NA	NA	NA	NA	7	-4672.80496674407	9359.63470129	15.5556103971412	2.68231192982294e-05
"29"	-0.396348930201063	NA	NA	0.00504880315760047	0.0803622479296433	-1.52114174049095	NA	NA	NA	NA	NA	NA	7	-4672.80625541125	9359.63727862436	15.5581877314999	2.67885754872609e-05
"1050"	-0.272420686632052	"+"	NA	NA	0.0897381484354688	-0.345758924259092	NA	NA	NA	NA	NA	-0.114287165944403	8	-4672.23929405579	9360.5104394719	16.4313485790408	1.73119165980314e-05
"1178"	-0.130622451428767	"+"	NA	NA	0.0774202781720797	-0.423449466042722	NA	NA	"+"	NA	NA	-0.106441335056083	9	-4671.44601108295	9360.93184517475	16.8527542818902	1.40229073770153e-05
"1306"	-0.244078377574263	"+"	NA	NA	0.0888723387657614	-0.444537997749469	NA	NA	NA	"+"	NA	-0.111661253035203	9	-4671.74131663976	9361.52245628837	17.4433653955184	1.04373078124843e-05
"1434"	-0.122744083918072	"+"	NA	NA	0.0780341004143245	-0.4954841432352	NA	NA	"+"	"+"	NA	-0.105144408346972	10	-4671.12558690134	9362.29985713971	18.22076624685	7.07584061396797e-06
"154"	0.203293971581205	"+"	NA	NA	0.0450398635961783	-1.51450993995049	NA	NA	"+"	NA	NA	NA	8	-4673.24106021098	9362.51397178228	18.4348808894283	6.35746002138875e-06
"26"	0.0648617328577556	"+"	NA	NA	0.0567718165450429	-1.51775367330481	NA	NA	NA	NA	NA	NA	7	-4674.33281513763	9362.69039807712	18.6113071842647	5.82067236940161e-06
"282"	0.0873832688287194	"+"	NA	NA	0.0566549403174299	-1.59640932073411	NA	NA	NA	"+"	NA	NA	8	-4673.73550302252	9363.50285740537	19.4237665125111	3.87748256008109e-06
"410"	0.20733276764105	"+"	NA	NA	0.04611930737086	-1.57724763399959	NA	NA	"+"	"+"	NA	NA	9	-4672.87570818182	9363.79123937248	19.712148479628	3.35682348277005e-06
"1049"	-0.355537935431249	NA	NA	NA	0.0896413398151411	-0.349498415074222	NA	NA	NA	NA	NA	-0.113347482104941	7	-4675.368418266	9364.76160433386	20.6825134410046	2.06640969410375e-06
"25"	-0.0205868205843553	NA	NA	NA	0.0569393929659768	-1.51184833004146	NA	NA	NA	NA	NA	NA	6	-4677.42647326962	9366.87151828366	22.7924273908011	7.1953916477885e-07
"52"	0.746660278716843	"+"	-0.0235043144805615	NA	NA	-1.42508251519342	"+"	NA	NA	NA	NA	NA	8	-4677.67931740081	9371.39048616194	27.3113952690837	7.51230186926291e-08
"308"	0.769322472951857	"+"	-0.0239725901170246	NA	NA	-1.50711665240825	"+"	NA	NA	"+"	NA	NA	9	-4677.03528307761	9372.11038916407	28.0312982712185	5.24140936507938e-08
"56"	0.746147726605818	"+"	-0.0235071785062064	2.43963984739357e-05	NA	-1.42492787266847	"+"	NA	NA	NA	NA	NA	9	-4677.67916718226	9373.39815737336	29.3190664805061	2.75304155455282e-08
"120"	0.720541262172338	"+"	-0.0236078982356778	0.00133422131512729	NA	-1.42305707077009	"+"	"+"	NA	NA	NA	NA	10	-4676.87626000866	9373.80120335434	29.722112461488	2.25056957772423e-08
"312"	0.768745735285905	"+"	-0.0239758336280956	2.7488135556399e-05	NA	-1.50694520259754	"+"	NA	NA	"+"	NA	NA	10	-4677.03509237096	9374.11886807895	30.0397771860953	1.92004950110321e-08
"20"	0.778755517356077	"+"	-0.0466837931611408	NA	NA	-1.42979604045534	NA	NA	NA	NA	NA	NA	7	-4680.19120763253	9374.40718306692	30.3280921740679	1.66228551808278e-08
"376"	0.742997050078901	"+"	-0.0240433794874833	0.00127442479860141	NA	-1.50019916565909	"+"	"+"	NA	"+"	NA	NA	11	-4676.30950639259	9374.6774457201	30.5983548272488	1.45217458525735e-08
"276"	0.801944201996443	"+"	-0.0469414198332525	NA	NA	-1.51482918272781	NA	NA	NA	"+"	NA	NA	8	-4679.498925685	9375.02970273031	30.9506118374557	1.21766323614739e-08
"24"	0.776218789592356	"+"	-0.0466716624208088	0.00011902286022859	NA	-1.42903624555063	NA	NA	NA	NA	NA	NA	8	-4680.18763382403	9376.40711900837	32.3280281155166	6.11540254337371e-09
"88"	0.752671365164269	"+"	-0.0471734068914586	0.00135232275520233	NA	-1.42734880649804	NA	"+"	NA	NA	NA	NA	9	-4679.47783890688	9376.9955008226	32.9164099297468	4.55679574351682e-09
"280"	0.799361173457382	"+"	-0.046929082538678	0.000121307474958895	NA	-1.51406360968825	NA	NA	NA	"+"	NA	NA	9	-4679.49521327319	9377.03024955523	32.9511586623757	4.47830811584849e-09
"344"	0.77580189339435	"+"	-0.0473907764161191	0.00128967556995027	NA	-1.50787422791074	NA	"+"	NA	"+"	NA	NA	10	-4678.86000292806	9377.76868919313	33.689598300276	3.0957354510078e-09
"19"	0.691648851655867	NA	-0.0458951436137431	NA	NA	-1.4232116704161	NA	NA	NA	NA	NA	NA	6	-4683.49629223819	9379.01115622079	34.9320653279374	1.66328072045313e-09
"23"	0.690222626217566	NA	-0.0458882225720987	6.5883297173672e-05	NA	-1.42278870169277	NA	NA	NA	NA	NA	NA	7	-4683.49519745544	9381.01516271274	36.9360718198823	6.10662249149698e-10
"18"	0.713627194647808	"+"	NA	NA	NA	-1.41793708137461	NA	NA	NA	NA	NA	NA	6	-4685.04726397144	9382.11309968731	38.0340087944514	3.52685080431219e-10
"274"	0.735589210624066	"+"	NA	NA	NA	-1.49967944424711	NA	NA	NA	"+"	NA	NA	7	-4684.40783789155	9382.84044358495	38.7613526920923	2.45158168144873e-10
"22"	0.71019764590454	"+"	NA	0.000161994897697929	NA	-1.41690761990138	NA	NA	NA	NA	NA	NA	7	-4685.04065648365	9384.10608076915	40.0269898762945	1.3020172706681e-10
"278"	0.732111651226596	"+"	NA	0.000164428751170672	NA	-1.49864765135331	NA	NA	NA	"+"	NA	NA	8	-4684.40103028397	9384.83391192826	40.7548210354071	9.04836720283648e-11
"86"	0.687754570821287	"+"	NA	0.00130347301722351	NA	-1.41522436811458	NA	"+"	NA	NA	NA	NA	8	-4684.43382077124	9384.89949290281	40.8204020099511	8.75647857160635e-11
"342"	0.709762381852203	"+"	NA	0.00124286615540141	NA	-1.49279343276657	NA	"+"	NA	"+"	NA	NA	9	-4683.86093154458	9385.76168609801	41.6825952051568	5.68992596701028e-11
"17"	0.62959916437478	NA	NA	NA	NA	-1.41169419027019	NA	NA	NA	NA	NA	NA	5	-4688.19036671051	9386.39399602049	42.3149051276323	4.14765152198799e-11
"21"	0.62724794574486	NA	NA	0.000109330755732954	NA	-1.41099547885698	NA	NA	NA	NA	NA	NA	6	-4688.1873576243	9388.39328699302	44.3141961001693	1.52637674969387e-11
"176"	-0.172636169724242	"+"	-0.0170523240282375	0.00444994928528258	0.0371051468099316	NA	"+"	NA	"+"	NA	NA	NA	10	-4736.73556177618	9493.51980688939	149.440715996534	2.2684436512413e-34
"48"	-0.32216639907395	"+"	-0.0169878319411148	0.00435450241395126	0.0498477099267047	NA	"+"	NA	NA	NA	NA	NA	9	-4738.08733472423	9494.21449245731	150.135401564452	1.60279855174093e-34
"112"	-0.331724054326638	"+"	-0.0170749388689785	0.00551263737756315	0.0487869574505633	NA	"+"	"+"	NA	NA	NA	NA	10	-4737.40641111756	9494.86150557215	150.782414679292	1.15979659288218e-34
"240"	-0.198617848478829	"+"	-0.0170836086350655	0.00494539397751539	0.0384942373881943	NA	"+"	"+"	"+"	NA	NA	NA	11	-4736.6324339037	9495.32330074233	151.244209849472	9.2067061391353e-35
"688"	-0.127378150404904	"+"	-0.0515614935576088	0.00439923044371777	0.033282148021352	NA	"+"	NA	"+"	NA	0.00299055349587296	NA	11	-4736.64366983803	9495.34577261099	151.266681718131	9.10383917898269e-35
"560"	-0.280738398609033	"+"	-0.0490841702454595	0.00430690488589143	0.046348734796488	NA	"+"	NA	NA	NA	0.00278148501473409	NA	10	-4738.00790848381	9496.06450030465	151.985409411791	6.35557490490763e-35
"144"	-0.157041204858892	"+"	-0.0398777858262997	0.00463580326141872	0.0380411220508798	NA	NA	NA	"+"	NA	NA	NA	9	-4739.10776587454	9496.25535475792	152.176263865067	5.77711913502009e-35
"624"	-0.289508015477189	"+"	-0.0497996503451514	0.00546679723607015	0.0452170838929842	NA	"+"	"+"	NA	NA	0.00283591914237002	NA	11	-4737.32381403672	9496.70606100836	152.626970115503	4.61149460442598e-35
"16"	-0.311482300211271	"+"	-0.0402830493832906	0.00454105154929049	0.0512488737602698	NA	NA	NA	NA	NA	NA	NA	8	-4740.55399746652	9497.13984629337	153.060755400511	3.71232873531615e-35
"752"	-0.15341251221011	"+"	-0.0515151831343718	0.0048937910100875	0.0346773075933839	NA	"+"	"+"	"+"	NA	0.00298383226094266	NA	12	-4736.54095562176	9497.15098363671	153.07189274385	3.69171344861452e-35
"80"	-0.320193216305933	"+"	-0.04077187735857	0.00562177497003136	0.050287235183544	NA	NA	"+"	NA	NA	NA	NA	9	-4739.96466450204	9497.96915201293	153.890061120079	2.45225132646436e-35
"656"	-0.112313066013084	"+"	-0.0739872621261735	0.0045857656162248	0.0342638724125051	NA	NA	NA	"+"	NA	0.00295504401859197	NA	10	-4739.01815824846	9498.08499983394	154.005908941086	2.31424291819892e-35
"208"	-0.176078930332785	"+"	-0.0400912906921457	0.00500312332728607	0.0390733543808799	NA	NA	"+"	"+"	NA	NA	NA	10	-4739.05145474324	9498.15159282351	154.072501930656	2.23845547084024e-35
"172"	0.147526519817816	"+"	-0.0163283516586871	NA	0.0173997219472987	NA	"+"	NA	"+"	NA	NA	NA	9	-4740.20742943519	9498.45468187924	154.375590986381	1.92368300091189e-35
"44"	2.09609728718059e-05	"+"	-0.0162810932126097	NA	0.0298165754837757	NA	"+"	NA	NA	NA	NA	NA	8	-4741.41062880648	9498.85310897329	154.774018080432	1.5762175656889e-35
"528"	-0.270701449594241	"+"	-0.0718852854726057	0.00449429147454348	0.0478056749969806	NA	NA	NA	NA	NA	0.00273768269185577	NA	9	-4740.47715682059	9498.99413665004	154.91504575718	1.46890054565799e-35
"592"	-0.278688973195122	"+"	-0.0729525946829139	0.00557677570764203	0.0467788439999577	NA	NA	"+"	NA	NA	0.00278769405394393	NA	10	-4739.88496380828	9499.81861095359	155.739520060735	9.72657795616263e-36
"720"	-0.131378319744995	"+"	-0.0741397025311612	0.00495212928192701	0.0353000626778722	NA	NA	"+"	"+"	NA	0.00294980554186347	NA	11	-4738.96216633592	9499.98276560677	155.903674713918	8.96013064193693e-36
"684"	0.206697439383619	"+"	-0.065433340789227	NA	0.0122824576270572	NA	"+"	NA	"+"	NA	0.0042543921061438	NA	10	-4740.02074126274	9500.0901658625	156.01107496964	8.49166147955396e-36
"556"	0.0549291210598696	"+"	-0.0628022473373661	NA	0.0250653183189129	NA	"+"	NA	NA	NA	0.00403056563245557	NA	9	-4741.24317594874	9500.52617490633	156.447084013473	6.82833016052023e-36
"15"	-0.389225959880408	NA	-0.0395797825507902	0.00449693564438081	0.0513439591669063	NA	NA	NA	NA	NA	NA	NA	7	-4743.2561162832	9500.53700036825	156.457909475395	6.79147009325266e-36
"142"	-0.216211030760544	"+"	NA	0.00471063662818762	0.0384443339453869	NA	NA	NA	"+"	NA	NA	NA	8	-4742.55233926151	9501.13652988334	157.05743899048	5.03242849191025e-36
"140"	0.178233345572268	"+"	-0.0405747631191065	NA	0.0175284768580719	NA	NA	NA	"+"	NA	NA	NA	8	-4742.88130467542	9501.79446071117	157.71536981831	3.62167727895331e-36
"14"	-0.37498080998391	"+"	NA	0.00461443971286366	0.0519733742415625	NA	NA	NA	NA	NA	NA	NA	7	-4744.06547285567	9502.15571351319	158.076622620336	3.02318482717703e-36
"12"	0.0258619093652616	"+"	-0.0409443260706828	NA	0.0304019696555567	NA	NA	NA	NA	NA	NA	NA	7	-4744.17292146407	9502.37061072999	158.291519837136	2.71519085073419e-36
"527"	-0.348217833310595	NA	-0.0713595199312044	0.00444992015072623	0.047881490517172	NA	NA	NA	NA	NA	0.0027530401350011	NA	8	-4743.17843141641	9502.38871419313	158.309623300273	2.69072457014958e-36
"36"	0.354727692178166	"+"	-0.0161934623817853	NA	NA	NA	"+"	NA	NA	NA	NA	NA	7	-4744.37743008864	9502.77962797914	158.700537086284	2.21301009174951e-36
"206"	-0.229233355745994	"+"	NA	0.00495782990277156	0.0391406136434951	NA	NA	"+"	"+"	NA	NA	NA	9	-4742.52689181343	9503.09360663571	159.014515742854	1.89148889294566e-36
"78"	-0.383762979198331	"+"	NA	0.00561641537790366	0.0510905758589545	NA	NA	"+"	NA	NA	NA	NA	8	-4743.55999340441	9503.15183816914	159.072747276288	1.8372107527942e-36
"652"	0.237669059185732	"+"	-0.0898985950350693	NA	0.0123873648119387	NA	NA	NA	"+"	NA	0.00427406008736768	NA	9	-4742.69315226746	9503.42612754377	159.347036650919	1.60176130425648e-36
"524"	0.0809241380678052	"+"	-0.0875947625336064	NA	0.0256368477500266	NA	NA	NA	NA	NA	0.00404216298329019	NA	8	-4744.00475214219	9504.04135564469	159.962264751834	1.17761332992289e-36
"40"	0.331191741946558	"+"	-0.016377701879235	0.00122148986496869	NA	NA	"+"	NA	NA	NA	NA	NA	8	-4744.01068907564	9504.05322951159	159.974138618738	1.17064263071418e-36
"104"	0.303486242700365	"+"	-0.0164957034935929	0.00266795085428676	NA	NA	"+"	"+"	NA	NA	NA	NA	9	-4743.0590702942	9504.15796359724	160.078872704389	1.11091701313358e-36
"13"	-0.450001096257321	NA	NA	0.00456991999897866	0.0520532987472417	NA	NA	NA	NA	NA	NA	NA	6	-4746.64662132726	9505.31181439894	161.232723506082	6.23915966577217e-37
"11"	-0.0536422320794554	NA	-0.0402423332635785	NA	0.0306600199403418	NA	NA	NA	NA	NA	NA	NA	6	-4746.80032044057	9505.61921262556	161.540121732703	5.35026659793007e-37
"4"	0.388233437372133	"+"	-0.0413818672935936	NA	NA	NA	NA	NA	NA	NA	NA	NA	6	-4747.25443861264	9506.5274489697	162.448358076845	3.39746042595144e-37
"138"	0.123595020925969	"+"	NA	NA	0.0175957465312307	NA	NA	NA	"+"	NA	NA	NA	7	-4746.44404035785	9506.91284851756	162.833757624709	2.80198598201518e-37
"523"	0.00140771539146799	NA	-0.0869037502010079	NA	0.0258944144128815	NA	NA	NA	NA	NA	0.00404309734723988	NA	7	-4746.63211787574	9507.28900355335	163.20991266049	2.32158682266875e-37
"10"	-0.0330791566373985	"+"	NA	NA	0.0307899693836796	NA	NA	NA	NA	NA	NA	NA	6	-4747.79759434974	9507.6137604439	163.53466955104	1.9736260431146e-37
"8"	0.362258201206347	"+"	-0.0412788842332683	0.00132716558053598	NA	NA	NA	NA	NA	NA	NA	NA	7	-4746.82173872971	9507.66824526127	163.589154368414	1.92058547259482e-37
"72"	0.336728947888343	"+"	-0.0418409581408078	0.00269144323922615	NA	NA	NA	"+"	NA	NA	NA	NA	8	-4745.97781196075	9507.98747528181	163.908384388953	1.6372451829137e-37
"3"	0.311199234776128	NA	-0.0406755829601	NA	NA	NA	NA	NA	NA	NA	NA	NA	5	-4749.93018575863	9509.87363411674	165.794543223883	6.37587118679174e-38
"9"	-0.109855636300816	NA	NA	NA	0.0310354030198327	NA	NA	NA	NA	NA	NA	NA	5	-4750.30240159255	9510.61806578457	166.538974891713	4.3942853142397e-38
"7"	0.285803626554928	NA	-0.0405725609217077	0.00127487550946034	NA	NA	NA	NA	NA	NA	NA	NA	6	-4749.53098502886	9511.08054180214	167.001450909282	3.48708762266922e-38
"2"	0.333327550045463	"+"	NA	NA	NA	NA	NA	NA	NA	NA	NA	NA	5	-4750.95316400671	9511.91959061288	167.840499720025	2.2922697648746e-38
"6"	0.306927932242607	"+"	NA	0.0013559354022047	NA	NA	NA	NA	NA	NA	NA	NA	6	-4750.50214266151	9513.02285706744	168.943766174585	1.3203663858319e-38
"70"	0.28223727126399	"+"	NA	0.00263793757095326	NA	NA	NA	"+"	NA	NA	NA	NA	7	-4749.7578633035	9513.54049440886	169.461403516007	1.01927398290893e-38
"1"	0.258886200022857	NA	NA	NA	NA	NA	NA	NA	NA	NA	NA	NA	4	-4753.50435376026	9515.01754729953	170.93845640667	4.87026933289061e-39
"5"	0.233039620490763	NA	NA	0.00130426820722515	NA	NA	NA	NA	NA	NA	NA	NA	5	-4753.08711862016	9516.18749983978	172.108408946928	2.71331997992627e-39
